
MY_STRASSENS CALLED

a and b: 

[[1 0 1 1 1 0 2 2 2 1 1 0 0 0 0 1 1]
 [2 1 2 2 1 1 1 0 1 1 1 2 1 0 1 2 2]
 [0 0 2 0 0 1 0 2 1 1 0 0 2 2 0 0 1]
 [1 1 1 2 1 2 2 2 0 2 2 2 2 2 0 0 1]
 [1 1 1 2 0 0 0 0 0 2 2 1 0 0 1 1 0]
 [2 1 2 0 2 2 0 0 0 0 2 2 0 1 2 1 1]
 [0 2 2 0 2 1 1 2 0 1 0 1 0 0 1 1 2]
 [2 1 2 1 2 1 0 2 0 0 1 2 0 2 1 2 2]
 [1 0 2 0 0 0 2 0 2 0 2 0 0 0 1 2 1]
 [1 1 1 1 0 2 1 0 1 1 2 1 0 0 0 2 0]
 [1 1 2 1 0 2 1 2 0 1 0 0 1 1 1 0 1]
 [0 2 2 2 2 2 2 1 0 1 2 2 1 0 0 1 0]
 [1 0 1 0 2 2 2 0 0 1 0 0 1 1 1 2 0]
 [2 0 1 0 0 0 1 2 2 2 0 1 0 1 2 2 0]
 [0 2 1 1 2 2 1 0 1 0 2 2 0 0 2 2 1]
 [0 0 2 1 1 2 1 1 1 1 0 1 0 1 2 1 0]
 [2 1 2 1 0 1 0 2 0 2 1 1 0 2 2 1 1]]
[[1 1 1 2 1 2 0 0 0 0 2 1 0 0 2 0 0]
 [0 0 0 0 0 0 1 1 0 1 1 2 2 1 1 0 0]
 [2 0 2 2 2 1 2 1 0 0 0 1 0 1 2 2 1]
 [0 0 0 1 1 1 2 1 2 0 1 0 1 2 0 0 0]
 [1 2 0 1 1 2 0 2 1 1 1 0 0 1 2 0 1]
 [2 1 1 1 2 0 0 2 0 2 2 0 0 0 2 1 1]
 [1 0 2 2 1 0 2 1 2 0 2 0 2 0 2 1 1]
 [1 2 2 1 2 1 2 2 2 0 2 0 0 2 1 1 0]
 [1 1 1 1 2 1 1 0 2 1 2 0 0 0 1 1 1]
 [1 2 0 2 0 0 0 0 1 2 2 1 2 1 0 2 1]
 [0 1 0 1 2 0 0 0 1 1 1 2 2 2 0 1 2]
 [2 1 0 2 2 0 2 2 2 0 0 2 2 1 1 2 0]
 [2 1 0 0 1 2 2 2 0 0 0 0 2 0 2 2 1]
 [2 2 1 1 1 0 0 1 1 1 0 1 2 1 1 2 0]
 [2 0 2 0 1 2 1 1 2 0 2 2 1 2 0 2 2]
 [1 0 1 2 1 1 0 2 1 1 2 1 1 2 2 1 2]
 [0 2 2 1 1 1 0 0 2 0 2 0 1 0 2 0 2]]
lengths of a and b:  17      17
>>>>>>>>>>> RUNNING PADDER

MY_STRASSENS CALLED

a and b: 

[[1 0 1 1 1 0 2 2 2 1 1 0 0 0 0 1 1 0]
 [2 1 2 2 1 1 1 0 1 1 1 2 1 0 1 2 2 0]
 [0 0 2 0 0 1 0 2 1 1 0 0 2 2 0 0 1 0]
 [1 1 1 2 1 2 2 2 0 2 2 2 2 2 0 0 1 0]
 [1 1 1 2 0 0 0 0 0 2 2 1 0 0 1 1 0 0]
 [2 1 2 0 2 2 0 0 0 0 2 2 0 1 2 1 1 0]
 [0 2 2 0 2 1 1 2 0 1 0 1 0 0 1 1 2 0]
 [2 1 2 1 2 1 0 2 0 0 1 2 0 2 1 2 2 0]
 [1 0 2 0 0 0 2 0 2 0 2 0 0 0 1 2 1 0]
 [1 1 1 1 0 2 1 0 1 1 2 1 0 0 0 2 0 0]
 [1 1 2 1 0 2 1 2 0 1 0 0 1 1 1 0 1 0]
 [0 2 2 2 2 2 2 1 0 1 2 2 1 0 0 1 0 0]
 [1 0 1 0 2 2 2 0 0 1 0 0 1 1 1 2 0 0]
 [2 0 1 0 0 0 1 2 2 2 0 1 0 1 2 2 0 0]
 [0 2 1 1 2 2 1 0 1 0 2 2 0 0 2 2 1 0]
 [0 0 2 1 1 2 1 1 1 1 0 1 0 1 2 1 0 0]
 [2 1 2 1 0 1 0 2 0 2 1 1 0 2 2 1 1 0]
 [0 0 0 0 0 0 0 0 0 0 0 0 0 0 0 0 0 0]]
[[1 1 1 2 1 2 0 0 0 0 2 1 0 0 2 0 0 0]
 [0 0 0 0 0 0 1 1 0 1 1 2 2 1 1 0 0 0]
 [2 0 2 2 2 1 2 1 0 0 0 1 0 1 2 2 1 0]
 [0 0 0 1 1 1 2 1 2 0 1 0 1 2 0 0 0 0]
 [1 2 0 1 1 2 0 2 1 1 1 0 0 1 2 0 1 0]
 [2 1 1 1 2 0 0 2 0 2 2 0 0 0 2 1 1 0]
 [1 0 2 2 1 0 2 1 2 0 2 0 2 0 2 1 1 0]
 [1 2 2 1 2 1 2 2 2 0 2 0 0 2 1 1 0 0]
 [1 1 1 1 2 1 1 0 2 1 2 0 0 0 1 1 1 0]
 [1 2 0 2 0 0 0 0 1 2 2 1 2 1 0 2 1 0]
 [0 1 0 1 2 0 0 0 1 1 1 2 2 2 0 1 2 0]
 [2 1 0 2 2 0 2 2 2 0 0 2 2 1 1 2 0 0]
 [2 1 0 0 1 2 2 2 0 0 0 0 2 0 2 2 1 0]
 [2 2 1 1 1 0 0 1 1 1 0 1 2 1 1 2 0 0]
 [2 0 2 0 1 2 1 1 2 0 2 2 1 2 0 2 2 0]
 [1 0 1 2 1 1 0 2 1 1 2 1 1 2 2 1 2 0]
 [0 2 2 1 1 1 0 0 2 0 2 0 1 0 2 0 2 0]
 [0 0 0 0 0 0 0 0 0 0 0 0 0 0 0 0 0 0]]
lengths of a and b:  18      18
>>>>>>>>>>> RUNNING REG STRASSENS
strassens running

MY_STRASSENS CALLED

a and b: 

[[1 0 1 1 1 0 2 2 2]
 [2 1 2 2 1 1 1 0 1]
 [0 0 2 0 0 1 0 2 1]
 [1 1 1 2 1 2 2 2 0]
 [1 1 1 2 0 0 0 0 0]
 [2 1 2 0 2 2 0 0 0]
 [0 2 2 0 2 1 1 2 0]
 [2 1 2 1 2 1 0 2 0]
 [1 0 2 0 0 0 2 0 2]]
[[-2  0  0 -2 -1  2 -2 -1  0]
 [ 0  0  0  0 -1  1 -1 -2  0]
 [ 0  0 -1 -2  0  1  0  1  0]
 [ 0  1  0 -1  2 -2 -2 -1  0]
 [ 0  1 -1 -2  0  1 -2  1  0]
 [ 2  0 -2 -1 -2  2 -1 -1  0]
 [-1  0 -1  1 -2  0  0 -1  0]
 [ 0  0  0 -1  2 -1  1 -2  0]
 [ 1  2  0  0  0  1  1  1  0]]
lengths of a and b:  9      9
>>>>>>>>>>> RUNNING PADDER

MY_STRASSENS CALLED

a and b: 

[[1 0 1 1 1 0 2 2 2 0]
 [2 1 2 2 1 1 1 0 1 0]
 [0 0 2 0 0 1 0 2 1 0]
 [1 1 1 2 1 2 2 2 0 0]
 [1 1 1 2 0 0 0 0 0 0]
 [2 1 2 0 2 2 0 0 0 0]
 [0 2 2 0 2 1 1 2 0 0]
 [2 1 2 1 2 1 0 2 0 0]
 [1 0 2 0 0 0 2 0 2 0]
 [0 0 0 0 0 0 0 0 0 0]]
[[-2  0  0 -2 -1  2 -2 -1  0  0]
 [ 0  0  0  0 -1  1 -1 -2  0  0]
 [ 0  0 -1 -2  0  1  0  1  0  0]
 [ 0  1  0 -1  2 -2 -2 -1  0  0]
 [ 0  1 -1 -2  0  1 -2  1  0  0]
 [ 2  0 -2 -1 -2  2 -1 -1  0  0]
 [-1  0 -1  1 -2  0  0 -1  0  0]
 [ 0  0  0 -1  2 -1  1 -2  0  0]
 [ 1  2  0  0  0  1  1  1  0  0]
 [ 0  0  0  0  0  0  0  0  0  0]]
lengths of a and b:  10      10
>>>>>>>>>>> RUNNING REG STRASSENS
strassens running

MY_STRASSENS CALLED

a and b: 

[[1 0 1 1 1]
 [2 1 2 2 1]
 [0 0 2 0 0]
 [1 1 1 2 1]
 [1 1 1 2 0]]
[[ 0 -1  0  0  0]
 [ 1 -1 -1  0  0]
 [ 2 -1  3  0  0]
 [-3 -3 -2  0  0]
 [ 1 -2  1  0  0]]
lengths of a and b:  5      5
<<<<<<<<<<<<<<<<<<<<<<<<< reg_mult running >>>>>>>>>>>>>>>>>>>>>>>>>>
reg_mult running

MY_STRASSENS CALLED

a and b: 

[[1 2 3 3 1]
 [3 2 2 3 1]
 [1 0 4 1 0]
 [3 3 3 2 1]
 [1 1 1 2 0]]
[[ 2 -1 -1  0  0]
 [ 0  0 -1  0  0]
 [-1  1 -2  0  0]
 [ 1  1  1  0  0]
 [ 0  0  0  0  0]]
lengths of a and b:  5      5
<<<<<<<<<<<<<<<<<<<<<<<<< reg_mult running >>>>>>>>>>>>>>>>>>>>>>>>>>
reg_mult running

MY_STRASSENS CALLED

a and b: 

[[4 1 2 0 2]
 [1 3 4 0 2]
 [3 1 4 1 2]
 [1 2 2 2 0]
 [0 0 0 0 0]]
[[-2  0  0 -2 -1]
 [ 0  0  0  0 -1]
 [ 0  0 -1 -2  0]
 [ 0  1  0 -1  2]
 [ 0  1 -1 -2  0]]
lengths of a and b:  5      5
<<<<<<<<<<<<<<<<<<<<<<<<< reg_mult running >>>>>>>>>>>>>>>>>>>>>>>>>>
reg_mult running

MY_STRASSENS CALLED

a and b: 

[[2 0 0 0 0]
 [1 1 2 0 0]
 [1 0 2 0 0]
 [0 2 0 2 0]
 [0 0 0 0 0]]
[[ 4  0 -2  1 -1]
 [-1  0 -1  1 -1]
 [ 0  0  1  1  2]
 [ 1  1  0  1 -2]
 [ 0 -1  1  2  0]]
lengths of a and b:  5      5
<<<<<<<<<<<<<<<<<<<<<<<<< reg_mult running >>>>>>>>>>>>>>>>>>>>>>>>>>
reg_mult running

MY_STRASSENS CALLED

a and b: 

[[3 0 1 1 1]
 [3 2 4 2 1]
 [1 0 4 0 0]
 [1 3 1 4 1]
 [1 1 1 2 0]]
[[ 0 -1 -1 -2 -1]
 [ 0  0 -1  0 -1]
 [-1  1 -3 -2  0]
 [ 1  2  1 -1  2]
 [ 0  1 -1 -2  0]]
lengths of a and b:  5      5
<<<<<<<<<<<<<<<<<<<<<<<<< reg_mult running >>>>>>>>>>>>>>>>>>>>>>>>>>
reg_mult running

MY_STRASSENS CALLED

a and b: 

[[-2  2  2  2  0]
 [ 0  0 -2  1  0]
 [ 0  0  0  1  0]
 [ 2  0  2 -2  0]
 [ 0  0  0  0  0]]
[[ 4 -1 -3 -1 -2]
 [-1  0 -2  1 -2]
 [-1  1 -2 -1  2]
 [ 2  3  1  0  0]
 [ 0  0  0  0  0]]
lengths of a and b:  5      5
<<<<<<<<<<<<<<<<<<<<<<<<< reg_mult running >>>>>>>>>>>>>>>>>>>>>>>>>>
reg_mult running

MY_STRASSENS CALLED

a and b: 

[[ 1  1  1 -1  1]
 [-2  1  0 -2  1]
 [ 2  1  0  1  2]
 [ 0 -1  1 -2 -1]
 [-1 -1 -1 -2  0]]
[[ 0 -2 -1 -2 -1]
 [ 1 -1 -2  0 -1]
 [ 1  0  0 -2  0]
 [-2 -1 -1 -1  2]
 [ 1 -1  0 -2  0]]
lengths of a and b:  5      5
<<<<<<<<<<<<<<<<<<<<<<<<< reg_mult running >>>>>>>>>>>>>>>>>>>>>>>>>>
reg_mult running

MY_STRASSENS CALLED

a and b: 

[[2 1 1 1 1 0 3 3 2]
 [3 2 4 3 1 2 3 2 1]
 [1 0 2 2 2 1 0 3 1]
 [3 3 3 4 3 2 2 3 0]
 [3 3 2 2 0 1 1 0 0]
 [2 3 4 0 3 4 1 1 0]
 [1 2 3 0 2 2 2 4 0]
 [2 2 4 1 4 2 2 4 0]
 [1 2 2 0 0 1 4 1 2]]
[[2 2 1 2 1 0 2 1 0]
 [1 1 2 2 2 0 1 2 0]
 [0 0 2 2 1 1 2 0 0]
 [0 0 0 2 0 2 2 1 0]
 [1 0 1 2 1 1 2 0 0]
 [0 2 2 1 2 0 2 2 0]
 [1 2 1 1 2 2 1 2 0]
 [0 2 0 1 0 2 0 2 0]
 [0 0 0 0 0 0 0 0 0]]
lengths of a and b:  9      9
>>>>>>>>>>> RUNNING PADDER

MY_STRASSENS CALLED

a and b: 

[[2 1 1 1 1 0 3 3 2 0]
 [3 2 4 3 1 2 3 2 1 0]
 [1 0 2 2 2 1 0 3 1 0]
 [3 3 3 4 3 2 2 3 0 0]
 [3 3 2 2 0 1 1 0 0 0]
 [2 3 4 0 3 4 1 1 0 0]
 [1 2 3 0 2 2 2 4 0 0]
 [2 2 4 1 4 2 2 4 0 0]
 [1 2 2 0 0 1 4 1 2 0]
 [0 0 0 0 0 0 0 0 0 0]]
[[2 2 1 2 1 0 2 1 0 0]
 [1 1 2 2 2 0 1 2 0 0]
 [0 0 2 2 1 1 2 0 0 0]
 [0 0 0 2 0 2 2 1 0 0]
 [1 0 1 2 1 1 2 0 0 0]
 [0 2 2 1 2 0 2 2 0 0]
 [1 2 1 1 2 2 1 2 0 0]
 [0 2 0 1 0 2 0 2 0 0]
 [0 0 0 0 0 0 0 0 0 0]
 [0 0 0 0 0 0 0 0 0 0]]
lengths of a and b:  10      10
>>>>>>>>>>> RUNNING REG STRASSENS
strassens running

MY_STRASSENS CALLED

a and b: 

[[2 1 1 1 1]
 [3 2 4 3 1]
 [1 0 2 2 2]
 [3 3 3 4 3]
 [3 3 2 2 0]]
[[ 0  0 -1  0  0]
 [-2  0  0  0  0]
 [-1  2 -2  0  0]
 [ 2  2  1  0  0]
 [ 1  2  0  0  0]]
lengths of a and b:  5      5
<<<<<<<<<<<<<<<<<<<<<<<<< reg_mult running >>>>>>>>>>>>>>>>>>>>>>>>>>
reg_mult running

MY_STRASSENS CALLED

a and b: 

[[2 4 4 3 1]
 [5 5 6 4 1]
 [2 0 5 3 2]
 [5 5 6 4 3]
 [4 4 2 2 0]]
[[0 2 2 0 0]
 [2 1 2 0 0]
 [2 0 2 0 0]
 [0 0 0 0 0]
 [0 0 0 0 0]]
lengths of a and b:  5      5
<<<<<<<<<<<<<<<<<<<<<<<<< reg_mult running >>>>>>>>>>>>>>>>>>>>>>>>>>
reg_mult running

MY_STRASSENS CALLED

a and b: 

[[6 4 5 0 3]
 [3 4 7 0 2]
 [4 4 8 1 4]
 [2 6 3 2 0]
 [0 0 0 0 0]]
[[2 2 1 2 1]
 [1 1 2 2 2]
 [0 0 2 2 1]
 [0 0 0 2 0]
 [1 0 1 2 1]]
lengths of a and b:  5      5
<<<<<<<<<<<<<<<<<<<<<<<<< reg_mult running >>>>>>>>>>>>>>>>>>>>>>>>>>
reg_mult running

MY_STRASSENS CALLED

a and b: 

[[4 1 1 0 0]
 [2 2 4 0 0]
 [2 2 4 0 0]
 [1 4 1 2 0]
 [0 0 0 0 0]]
[[-2  0  1 -1  1]
 [ 0  1 -1 -1  0]
 [ 0  2 -2 -1 -1]
 [ 0  0  0 -2  0]
 [-1  0 -1 -2 -1]]
lengths of a and b:  5      5
<<<<<<<<<<<<<<<<<<<<<<<<< reg_mult running >>>>>>>>>>>>>>>>>>>>>>>>>>
reg_mult running

MY_STRASSENS CALLED

a and b: 

[[6 2 2 1 1]
 [5 4 8 3 1]
 [3 2 6 2 2]
 [4 7 4 6 3]
 [3 3 2 2 0]]
[[2 4 3 2 1]
 [3 2 4 2 2]
 [2 0 4 2 1]
 [0 0 0 2 0]
 [1 0 1 2 1]]
lengths of a and b:  5      5
<<<<<<<<<<<<<<<<<<<<<<<<< reg_mult running >>>>>>>>>>>>>>>>>>>>>>>>>>
reg_mult running

MY_STRASSENS CALLED

a and b: 

[[-4  2  2  2  0]
 [ 0  1 -2  1  0]
 [-1 -2 -1  1  0]
 [ 1 -2  2 -2  0]
 [ 1  1  0  0  0]]
[[0 4 4 1 2]
 [3 3 3 1 2]
 [2 2 2 1 0]
 [0 0 0 0 0]
 [0 0 0 0 0]]
lengths of a and b:  5      5
<<<<<<<<<<<<<<<<<<<<<<<<< reg_mult running >>>>>>>>>>>>>>>>>>>>>>>>>>
reg_mult running

MY_STRASSENS CALLED

a and b: 

[[ 0  2  3 -1  2]
 [-2  0 -1 -3  1]
 [ 1  2  2 -1  2]
 [-2 -1 -1 -4 -3]
 [-3 -3 -2 -2  0]]
[[2 4 2 2 1]
 [1 2 4 2 2]
 [1 2 2 2 1]
 [2 2 1 2 0]
 [2 2 1 2 1]]
lengths of a and b:  5      5
<<<<<<<<<<<<<<<<<<<<<<<<< reg_mult running >>>>>>>>>>>>>>>>>>>>>>>>>>
reg_mult running

MY_STRASSENS CALLED

a and b: 

[[2 3 2 1 0 2 3 0 1]
 [2 1 2 2 1 3 1 3 0]
 [1 4 4 3 2 2 3 1 0]
 [2 0 1 1 3 3 4 0 0]
 [4 0 2 0 1 2 3 2 2]
 [0 4 3 1 2 4 3 1 1]
 [1 0 3 1 2 4 2 1 1]
 [4 2 3 1 2 3 1 3 0]
 [0 0 0 0 0 0 0 0 0]]
[[1 1 1 2 1 2 0 0 0]
 [0 0 0 0 0 0 1 1 0]
 [2 0 2 2 2 1 2 1 0]
 [0 0 0 1 1 1 2 1 2]
 [1 2 0 1 1 2 0 2 1]
 [2 1 1 1 2 0 0 2 0]
 [1 0 2 2 1 0 2 1 2]
 [1 2 2 1 2 1 2 2 2]
 [1 1 1 1 2 1 1 0 2]]
lengths of a and b:  9      9
>>>>>>>>>>> RUNNING PADDER

MY_STRASSENS CALLED

a and b: 

[[2 3 2 1 0 2 3 0 1 0]
 [2 1 2 2 1 3 1 3 0 0]
 [1 4 4 3 2 2 3 1 0 0]
 [2 0 1 1 3 3 4 0 0 0]
 [4 0 2 0 1 2 3 2 2 0]
 [0 4 3 1 2 4 3 1 1 0]
 [1 0 3 1 2 4 2 1 1 0]
 [4 2 3 1 2 3 1 3 0 0]
 [0 0 0 0 0 0 0 0 0 0]
 [0 0 0 0 0 0 0 0 0 0]]
[[1 1 1 2 1 2 0 0 0 0]
 [0 0 0 0 0 0 1 1 0 0]
 [2 0 2 2 2 1 2 1 0 0]
 [0 0 0 1 1 1 2 1 2 0]
 [1 2 0 1 1 2 0 2 1 0]
 [2 1 1 1 2 0 0 2 0 0]
 [1 0 2 2 1 0 2 1 2 0]
 [1 2 2 1 2 1 2 2 2 0]
 [1 1 1 1 2 1 1 0 2 0]
 [0 0 0 0 0 0 0 0 0 0]]
lengths of a and b:  10      10
>>>>>>>>>>> RUNNING REG STRASSENS
strassens running

MY_STRASSENS CALLED

a and b: 

[[2 3 2 1 0]
 [2 1 2 2 1]
 [1 4 4 3 2]
 [2 0 1 1 3]
 [4 0 2 0 1]]
[[ 2  0 -2  0  0]
 [ 0 -1  0 -2  0]
 [ 0  0 -1 -2  0]
 [ 0  1  1  0  0]
 [ 2  0  2  1  0]]
lengths of a and b:  5      5
<<<<<<<<<<<<<<<<<<<<<<<<< reg_mult running >>>>>>>>>>>>>>>>>>>>>>>>>>
reg_mult running

MY_STRASSENS CALLED

a and b: 

[[4 6 2 2 0]
 [5 2 5 2 1]
 [3 7 5 3 2]
 [5 4 1 1 3]
 [6 3 4 2 1]]
[[0 0 2 0 0]
 [0 2 1 2 0]
 [1 2 2 2 0]
 [1 1 0 2 0]
 [0 0 0 0 0]]
lengths of a and b:  5      5
<<<<<<<<<<<<<<<<<<<<<<<<< reg_mult running >>>>>>>>>>>>>>>>>>>>>>>>>>
reg_mult running

MY_STRASSENS CALLED

a and b: 

[[4 7 4 2 2]
 [5 2 4 2 2]
 [7 3 6 1 2]
 [0 0 0 0 0]
 [0 0 0 0 0]]
[[1 1 1 2 1]
 [0 0 0 0 0]
 [2 0 2 2 2]
 [0 0 0 1 1]
 [1 2 0 1 1]]
lengths of a and b:  5      5
<<<<<<<<<<<<<<<<<<<<<<<<< reg_mult running >>>>>>>>>>>>>>>>>>>>>>>>>>
reg_mult running

MY_STRASSENS CALLED

a and b: 

[[4 3 1 1 0]
 [4 2 1 1 0]
 [3 1 3 0 0]
 [0 0 0 0 0]
 [0 0 0 0 0]]
[[ 1  0  0 -1  1]
 [ 1  0  2  2  1]
 [-1  2  0 -1  0]
 [ 1  1  1  0  1]
 [-1 -2  0 -1 -1]]
lengths of a and b:  5      5
<<<<<<<<<<<<<<<<<<<<<<<<< reg_mult running >>>>>>>>>>>>>>>>>>>>>>>>>>
reg_mult running

MY_STRASSENS CALLED

a and b: 

[[6 6 3 2 0]
 [6 3 3 3 1]
 [4 5 7 3 2]
 [2 0 1 1 3]
 [4 0 2 0 1]]
[[1 1 3 2 1]
 [0 2 1 2 0]
 [3 2 4 4 2]
 [1 1 0 3 1]
 [1 2 0 1 1]]
lengths of a and b:  5      5
<<<<<<<<<<<<<<<<<<<<<<<<< reg_mult running >>>>>>>>>>>>>>>>>>>>>>>>>>
reg_mult running

MY_STRASSENS CALLED

a and b: 

[[-2  0 -1  0  0]
 [-1 -1  2 -1  0]
 [-1  2 -2  0  0]
 [ 3  4  0  0  0]
 [ 2  3  2  2  0]]
[[2 1 3 1 2]
 [1 2 3 4 1]
 [2 4 4 3 2]
 [2 2 1 3 2]
 [0 0 0 0 0]]
lengths of a and b:  5      5
<<<<<<<<<<<<<<<<<<<<<<<<< reg_mult running >>>>>>>>>>>>>>>>>>>>>>>>>>
reg_mult running

MY_STRASSENS CALLED

a and b: 

[[-2  1  1  0  2]
 [-1 -1  1 -1  1]
 [ 3 -2 -1 -2  0]
 [-2  0 -1 -1 -3]
 [-4  0 -2  0 -1]]
[[3 1 1 2 1]
 [0 1 1 0 0]
 [3 2 3 2 2]
 [1 2 1 3 1]
 [3 2 2 2 1]]
lengths of a and b:  5      5
<<<<<<<<<<<<<<<<<<<<<<<<< reg_mult running >>>>>>>>>>>>>>>>>>>>>>>>>>
reg_mult running

MY_STRASSENS CALLED

a and b: 

[[1 2 1 0 0 0 2 0 0]
 [1 0 0 1 1 1 0 1 0]
 [1 2 2 1 0 0 1 0 0]
 [1 0 0 1 1 1 2 0 0]
 [2 0 1 0 1 2 2 0 0]
 [0 2 2 0 0 2 2 1 0]
 [1 0 1 0 1 2 1 0 0]
 [2 1 1 0 2 2 1 1 0]
 [0 0 0 0 0 0 0 0 0]]
[[ 0  1 -1  0 -1 -2  0  0  1]
 [ 0  1  0  1  2  0 -1 -1  1]
 [ 0  1 -2  0  0 -1  0  1  2]
 [ 2  1  0 -1  0  1  0  1 -2]
 [ 1  0  1  0  0 -2  0 -1  0]
 [ 0 -1  1 -1 -1  2  1 -1  2]
 [ 0  0 -1  0  0  1 -2  1 -1]
 [-1  0  0  0 -1  0 -2 -2  0]
 [-1 -1 -1 -1 -2 -1 -1  0 -2]]
lengths of a and b:  9      9
>>>>>>>>>>> RUNNING PADDER

MY_STRASSENS CALLED

a and b: 

[[1 2 1 0 0 0 2 0 0 0]
 [1 0 0 1 1 1 0 1 0 0]
 [1 2 2 1 0 0 1 0 0 0]
 [1 0 0 1 1 1 2 0 0 0]
 [2 0 1 0 1 2 2 0 0 0]
 [0 2 2 0 0 2 2 1 0 0]
 [1 0 1 0 1 2 1 0 0 0]
 [2 1 1 0 2 2 1 1 0 0]
 [0 0 0 0 0 0 0 0 0 0]
 [0 0 0 0 0 0 0 0 0 0]]
[[ 0  1 -1  0 -1 -2  0  0  1  0]
 [ 0  1  0  1  2  0 -1 -1  1  0]
 [ 0  1 -2  0  0 -1  0  1  2  0]
 [ 2  1  0 -1  0  1  0  1 -2  0]
 [ 1  0  1  0  0 -2  0 -1  0  0]
 [ 0 -1  1 -1 -1  2  1 -1  2  0]
 [ 0  0 -1  0  0  1 -2  1 -1  0]
 [-1  0  0  0 -1  0 -2 -2  0  0]
 [-1 -1 -1 -1 -2 -1 -1  0 -2  0]
 [ 0  0  0  0  0  0  0  0  0  0]]
lengths of a and b:  10      10
>>>>>>>>>>> RUNNING REG STRASSENS
strassens running

MY_STRASSENS CALLED

a and b: 

[[1 2 1 0 0]
 [1 0 0 1 1]
 [1 2 2 1 0]
 [1 0 0 1 1]
 [2 0 1 0 1]]
[[-4 -1  1 -1  0]
 [-1  1 -2  2  0]
 [-1  2  3  2  0]
 [ 2  1  1  0  0]
 [-2  0 -1  0  0]]
lengths of a and b:  5      5
<<<<<<<<<<<<<<<<<<<<<<<<< reg_mult running >>>>>>>>>>>>>>>>>>>>>>>>>>
reg_mult running

MY_STRASSENS CALLED

a and b: 

[[1 4 1 0 0]
 [2 0 1 1 1]
 [1 3 2 1 0]
 [2 2 0 1 1]
 [4 2 1 0 1]]
[[ 2  1 -1  2  0]
 [ 1 -2  1 -1  0]
 [ 0 -2 -2  0  0]
 [-1 -1  0 -2  0]
 [ 0  0  0  0  0]]
lengths of a and b:  5      5
<<<<<<<<<<<<<<<<<<<<<<<<< reg_mult running >>>>>>>>>>>>>>>>>>>>>>>>>>
reg_mult running

MY_STRASSENS CALLED

a and b: 

[[2 4 3 0 0]
 [3 1 1 0 1]
 [4 2 2 0 2]
 [0 0 0 0 0]
 [0 0 0 0 0]]
[[ 0  1 -1  0 -1]
 [ 0  1  0  1  2]
 [ 0  1 -2  0  0]
 [ 2  1  0 -1  0]
 [ 1  0  1  0  0]]
lengths of a and b:  5      5
<<<<<<<<<<<<<<<<<<<<<<<<< reg_mult running >>>>>>>>>>>>>>>>>>>>>>>>>>
reg_mult running

MY_STRASSENS CALLED

a and b: 

[[2 2 1 0 0]
 [2 1 0 0 0]
 [2 1 1 0 0]
 [0 0 0 0 0]
 [0 0 0 0 0]]
[[ 0 -2  2 -1  0]
 [ 0 -1 -1 -1 -2]
 [-1 -1  2  0 -1]
 [-3 -2 -1  0 -2]
 [-1  0 -1  0  0]]
lengths of a and b:  5      5
<<<<<<<<<<<<<<<<<<<<<<<<< reg_mult running >>>>>>>>>>>>>>>>>>>>>>>>>>
reg_mult running

MY_STRASSENS CALLED

a and b: 

[[3 4 2 0 0]
 [3 1 0 1 1]
 [3 3 3 1 0]
 [1 0 0 1 1]
 [2 0 1 0 1]]
[[ 2  2 -2  2 -1]
 [ 1 -1  1  0  2]
 [ 0 -1 -4  0  0]
 [ 1  0  0 -3  0]
 [ 1  0  1  0  0]]
lengths of a and b:  5      5
<<<<<<<<<<<<<<<<<<<<<<<<< reg_mult running >>>>>>>>>>>>>>>>>>>>>>>>>>
reg_mult running

MY_STRASSENS CALLED

a and b: 

[[-2  0 -1  0  0]
 [-1 -1  1  0  0]
 [-2  0 -1  0  0]
 [ 1  2  0  0  0]
 [ 2  2  0  0  0]]
[[ 2  0  0  1 -1]
 [ 1 -2  0 -1  0]
 [-1 -2 -2  0 -1]
 [-2 -2 -1 -3 -2]
 [ 0  0  0  0  0]]
lengths of a and b:  5      5
<<<<<<<<<<<<<<<<<<<<<<<<< reg_mult running >>>>>>>>>>>>>>>>>>>>>>>>>>
reg_mult running

MY_STRASSENS CALLED

a and b: 

[[-1  0  1  0  0]
 [ 0  0  1 -1  0]
 [ 1 -1 -1 -1  2]
 [-1  0  0 -1 -1]
 [-2  0 -1  0 -1]]
[[-2  1 -1  1 -1]
 [ 0  0 -1  2  2]
 [-1  1 -1  2  0]
 [ 3  1  1 -3  0]
 [-1  0  0  0  0]]
lengths of a and b:  5      5
<<<<<<<<<<<<<<<<<<<<<<<<< reg_mult running >>>>>>>>>>>>>>>>>>>>>>>>>>
reg_mult running

MY_STRASSENS CALLED

a and b: 

[[2 2 2 1 1 0 4 2 2]
 [3 1 2 3 2 2 1 1 1]
 [1 2 4 1 0 1 1 2 1]
 [2 1 1 3 2 3 4 2 0]
 [3 1 2 2 1 2 2 0 0]
 [2 3 4 0 2 4 2 1 0]
 [1 2 3 0 3 3 2 2 0]
 [4 2 3 1 4 3 1 3 0]
 [1 0 2 0 0 0 2 0 2]]
[[3 3 2 4 2 2 2 1 0]
 [1 1 2 2 2 0 2 3 0]
 [2 0 4 4 3 2 4 1 0]
 [0 0 0 3 1 3 4 2 2]
 [2 2 1 3 2 3 2 2 1]
 [2 3 3 2 4 0 2 4 0]
 [2 2 3 3 3 2 3 3 2]
 [1 4 2 2 2 3 2 4 2]
 [1 1 1 1 2 1 1 0 2]]
lengths of a and b:  9      9
>>>>>>>>>>> RUNNING PADDER

MY_STRASSENS CALLED

a and b: 

[[2 2 2 1 1 0 4 2 2 0]
 [3 1 2 3 2 2 1 1 1 0]
 [1 2 4 1 0 1 1 2 1 0]
 [2 1 1 3 2 3 4 2 0 0]
 [3 1 2 2 1 2 2 0 0 0]
 [2 3 4 0 2 4 2 1 0 0]
 [1 2 3 0 3 3 2 2 0 0]
 [4 2 3 1 4 3 1 3 0 0]
 [1 0 2 0 0 0 2 0 2 0]
 [0 0 0 0 0 0 0 0 0 0]]
[[3 3 2 4 2 2 2 1 0 0]
 [1 1 2 2 2 0 2 3 0 0]
 [2 0 4 4 3 2 4 1 0 0]
 [0 0 0 3 1 3 4 2 2 0]
 [2 2 1 3 2 3 2 2 1 0]
 [2 3 3 2 4 0 2 4 0 0]
 [2 2 3 3 3 2 3 3 2 0]
 [1 4 2 2 2 3 2 4 2 0]
 [1 1 1 1 2 1 1 0 2 0]
 [0 0 0 0 0 0 0 0 0 0]]
lengths of a and b:  10      10
>>>>>>>>>>> RUNNING REG STRASSENS
strassens running

MY_STRASSENS CALLED

a and b: 

[[2 2 2 1 1]
 [3 1 2 3 2]
 [1 2 4 1 0]
 [2 1 1 3 2]
 [3 1 2 2 1]]
[[ 2  0 -3  0  0]
 [-2 -1  0 -2  0]
 [-1  2 -3 -2  0]
 [ 2  3  2  0  0]
 [ 3  2  2  1  0]]
lengths of a and b:  5      5
<<<<<<<<<<<<<<<<<<<<<<<<< reg_mult running >>>>>>>>>>>>>>>>>>>>>>>>>>
reg_mult running

MY_STRASSENS CALLED

a and b: 

[[2 6 4 3 1]
 [5 2 3 4 2]
 [2 3 6 2 0]
 [5 5 3 3 2]
 [5 3 2 2 1]]
[[0 2 4 0 0]
 [2 3 3 2 0]
 [3 2 4 2 0]
 [1 1 0 2 0]
 [0 0 0 0 0]]
lengths of a and b:  5      5
<<<<<<<<<<<<<<<<<<<<<<<<< reg_mult running >>>>>>>>>>>>>>>>>>>>>>>>>>
reg_mult running

MY_STRASSENS CALLED

a and b: 

[[6 5 5 0 2]
 [4 4 5 0 3]
 [7 3 6 1 4]
 [1 2 2 2 0]
 [0 0 0 0 0]]
[[3 3 2 4 2]
 [1 1 2 2 2]
 [2 0 4 4 3]
 [0 0 0 3 1]
 [2 2 1 3 2]]
lengths of a and b:  5      5
<<<<<<<<<<<<<<<<<<<<<<<<< reg_mult running >>>>>>>>>>>>>>>>>>>>>>>>>>
reg_mult running

MY_STRASSENS CALLED

a and b: 

[[4 2 1 0 0]
 [3 2 2 0 0]
 [3 1 3 0 0]
 [0 2 0 2 0]
 [0 0 0 0 0]]
[[-1  0  1 -2  2]
 [ 1  1  1  1  1]
 [-1  4 -2 -2 -1]
 [ 1  1  1 -2  1]
 [-2 -2 -1 -3 -2]]
lengths of a and b:  5      5
<<<<<<<<<<<<<<<<<<<<<<<<< reg_mult running >>>>>>>>>>>>>>>>>>>>>>>>>>
reg_mult running

MY_STRASSENS CALLED

a and b: 

[[6 4 3 1 1]
 [6 3 4 3 2]
 [4 3 7 1 0]
 [2 3 1 5 2]
 [3 1 2 2 1]]
[[3 5 6 4 2]
 [3 4 5 4 2]
 [5 2 8 6 3]
 [1 1 0 5 1]
 [2 2 1 3 2]]
lengths of a and b:  5      5
<<<<<<<<<<<<<<<<<<<<<<<<< reg_mult running >>>>>>>>>>>>>>>>>>>>>>>>>>
reg_mult running

MY_STRASSENS CALLED

a and b: 

[[-4  2  1  2  0]
 [-1 -1 -1  1  0]
 [-2  0 -1  1  0]
 [ 3  2  2 -2  0]
 [ 2  2  0  0  0]]
[[2 5 7 2 4]
 [4 5 6 5 3]
 [4 6 6 4 2]
 [2 2 1 3 2]
 [0 0 0 0 0]]
lengths of a and b:  5      5
<<<<<<<<<<<<<<<<<<<<<<<<< reg_mult running >>>>>>>>>>>>>>>>>>>>>>>>>>
reg_mult running

MY_STRASSENS CALLED

a and b: 

[[ 0  1  2 -1  1]
 [-2  1  1 -3  1]
 [ 3  0 -1  0  4]
 [-1 -1  1 -3 -2]
 [-3 -1 -2 -2 -1]]
[[5 5 3 4 2]
 [1 3 5 2 2]
 [4 4 5 4 3]
 [3 4 2 5 1]
 [5 4 3 4 2]]
lengths of a and b:  5      5
<<<<<<<<<<<<<<<<<<<<<<<<< reg_mult running >>>>>>>>>>>>>>>>>>>>>>>>>>
reg_mult running

MY_STRASSENS CALLED

a and b: 

[[ 0 -1 -1  0  0  0 -1  1  0]
 [ 0  1  2  0 -1  0  2  1  0]
 [ 0 -2 -2  1  2  0 -1  1  0]
 [ 1  2  2  1  1 -1 -2  1  0]
 [ 0  2  0  0 -1 -1 -1  0  0]
 [ 0  0  0  0  1  0 -1  0  0]
 [ 0  0  0  0 -1 -1  0  2  0]
 [-2  0  1  0  0 -1  1  1  0]
 [ 0  2  0  0  0  1  2  1  0]]
[[3 4 1 4 1 0 2 1 1]
 [1 2 2 3 4 0 1 2 1]
 [2 1 2 4 3 1 4 2 2]
 [2 1 0 2 1 4 4 3 0]
 [3 2 2 3 2 1 2 1 1]
 [2 2 4 1 3 2 3 3 2]
 [2 2 2 3 3 3 1 4 1]
 [0 4 2 2 1 3 0 2 2]
 [0 0 0 0 0 0 0 0 0]]
lengths of a and b:  9      9
>>>>>>>>>>> RUNNING PADDER

MY_STRASSENS CALLED

a and b: 

[[ 0 -1 -1  0  0  0 -1  1  0  0]
 [ 0  1  2  0 -1  0  2  1  0  0]
 [ 0 -2 -2  1  2  0 -1  1  0  0]
 [ 1  2  2  1  1 -1 -2  1  0  0]
 [ 0  2  0  0 -1 -1 -1  0  0  0]
 [ 0  0  0  0  1  0 -1  0  0  0]
 [ 0  0  0  0 -1 -1  0  2  0  0]
 [-2  0  1  0  0 -1  1  1  0  0]
 [ 0  2  0  0  0  1  2  1  0  0]
 [ 0  0  0  0  0  0  0  0  0  0]]
[[3 4 1 4 1 0 2 1 1 0]
 [1 2 2 3 4 0 1 2 1 0]
 [2 1 2 4 3 1 4 2 2 0]
 [2 1 0 2 1 4 4 3 0 0]
 [3 2 2 3 2 1 2 1 1 0]
 [2 2 4 1 3 2 3 3 2 0]
 [2 2 2 3 3 3 1 4 1 0]
 [0 4 2 2 1 3 0 2 2 0]
 [0 0 0 0 0 0 0 0 0 0]
 [0 0 0 0 0 0 0 0 0 0]]
lengths of a and b:  10      10
>>>>>>>>>>> RUNNING REG STRASSENS
strassens running

MY_STRASSENS CALLED

a and b: 

[[ 0 -1 -1  0  0]
 [ 0  1  2  0 -1]
 [ 0 -2 -2  1  2]
 [ 1  2  2  1  1]
 [ 0  2  0  0 -1]]
[[-2 -1 -2 -1  0]
 [-3  0 -2  0  0]
 [-2  4  0  0  0]
 [ 4  4  3  0  0]
 [ 1  2  1  1  0]]
lengths of a and b:  5      5
<<<<<<<<<<<<<<<<<<<<<<<<< reg_mult running >>>>>>>>>>>>>>>>>>>>>>>>>>
reg_mult running

MY_STRASSENS CALLED

a and b: 

[[ 0 -2  0  0  0]
 [ 0  3  3  0 -1]
 [ 0 -3 -1  1  2]
 [ 0  0  3  1  1]
 [-1  1  0  0 -1]]
[[2 3 3 2 0]
 [3 1 4 1 0]
 [3 0 2 2 0]
 [0 0 0 0 0]
 [0 0 0 0 0]]
lengths of a and b:  5      5
<<<<<<<<<<<<<<<<<<<<<<<<< reg_mult running >>>>>>>>>>>>>>>>>>>>>>>>>>
reg_mult running

MY_STRASSENS CALLED

a and b: 

[[ 0 -1  0  0  1]
 [-1  0  2  0 -1]
 [-3  1  2  0  0]
 [ 1  4  1  0  0]
 [ 0  0  0  0  0]]
[[3 4 1 4 1]
 [1 2 2 3 4]
 [2 1 2 4 3]
 [2 1 0 2 1]
 [3 2 2 3 2]]
lengths of a and b:  5      5
<<<<<<<<<<<<<<<<<<<<<<<<< reg_mult running >>>>>>>>>>>>>>>>>>>>>>>>>>
reg_mult running

MY_STRASSENS CALLED

a and b: 

[[ 0 -1  0  0  0]
 [-1  0  2  0  0]
 [-1  1  1  0  0]
 [ 1  2  1  0  0]
 [ 0  0  0  0  0]]
[[-1 -2  3 -3  2]
 [ 1  0  0  0 -1]
 [-2  3  0 -2 -2]
 [-2 -1  0 -2 -1]
 [-3 -2 -2 -3 -2]]
lengths of a and b:  5      5
<<<<<<<<<<<<<<<<<<<<<<<<< reg_mult running >>>>>>>>>>>>>>>>>>>>>>>>>>
reg_mult running

MY_STRASSENS CALLED

a and b: 

[[ 0 -2 -1  0  0]
 [-1  1  4  0 -1]
 [-1 -1 -1  1  2]
 [ 2  4  3  1  1]
 [ 0  2  0  0 -1]]
[[5 7 4 6 1]
 [4 3 6 4 4]
 [5 1 4 6 3]
 [2 1 0 2 1]
 [3 2 2 3 2]]
lengths of a and b:  5      5
<<<<<<<<<<<<<<<<<<<<<<<<< reg_mult running >>>>>>>>>>>>>>>>>>>>>>>>>>
reg_mult running

MY_STRASSENS CALLED

a and b: 

[[ 0  0  1  0  0]
 [ 1  2 -1  0  0]
 [ 1 -2  0  0  0]
 [-2 -4  0  0  0]
 [-1 -1  0  0  0]]
[[4 5 7 3 3]
 [5 3 6 4 3]
 [3 4 4 4 1]
 [0 0 0 0 0]
 [0 0 0 0 0]]
lengths of a and b:  5      5
<<<<<<<<<<<<<<<<<<<<<<<<< reg_mult running >>>>>>>>>>>>>>>>>>>>>>>>>>
reg_mult running

MY_STRASSENS CALLED

a and b: 

[[ 0  1  1  0  1]
 [ 0 -1 -2  0  0]
 [-2  2  3 -1 -2]
 [-1  0 -2 -1 -1]
 [ 0 -2  0  0  1]]
[[3 6 2 5 1]
 [1 3 4 4 4]
 [3 5 4 6 3]
 [6 5 3 2 1]
 [4 4 3 4 2]]
lengths of a and b:  5      5
<<<<<<<<<<<<<<<<<<<<<<<<< reg_mult running >>>>>>>>>>>>>>>>>>>>>>>>>>
reg_mult running

MY_STRASSENS CALLED

a and b: 

[[ 0  1  0  0 -1  2 -1 -2 -1]
 [-1  0  0 -1 -1  1  0  2 -1]
 [ 0  2  0  2  2  1  2 -1 -1]
 [ 0 -1  0 -2  1  0  0 -2  0]
 [ 1 -1  0 -2  0  0  1  2  2]
 [-2  1 -1  1  0  0  1  0  1]
 [ 0 -2  0  1 -1  1  0 -1  1]
 [ 0  0  0  0 -2  0  0  0  0]
 [-1  0 -2  0  0  0 -2  0 -2]]
[[1 3 2 2 1 4 0 0 0]
 [1 1 2 2 1 1 1 1 0]
 [2 0 3 2 3 3 4 2 0]
 [0 1 0 2 3 1 2 1 2]
 [2 3 0 1 2 4 0 3 1]
 [4 3 1 1 2 2 1 3 0]
 [1 2 2 4 1 2 3 2 2]
 [1 4 2 1 4 2 3 2 2]
 [2 3 1 1 2 2 2 1 2]]
lengths of a and b:  9      9
>>>>>>>>>>> RUNNING PADDER

MY_STRASSENS CALLED

a and b: 

[[ 0  1  0  0 -1  2 -1 -2 -1  0]
 [-1  0  0 -1 -1  1  0  2 -1  0]
 [ 0  2  0  2  2  1  2 -1 -1  0]
 [ 0 -1  0 -2  1  0  0 -2  0  0]
 [ 1 -1  0 -2  0  0  1  2  2  0]
 [-2  1 -1  1  0  0  1  0  1  0]
 [ 0 -2  0  1 -1  1  0 -1  1  0]
 [ 0  0  0  0 -2  0  0  0  0  0]
 [-1  0 -2  0  0  0 -2  0 -2  0]
 [ 0  0  0  0  0  0  0  0  0  0]]
[[1 3 2 2 1 4 0 0 0 0]
 [1 1 2 2 1 1 1 1 0 0]
 [2 0 3 2 3 3 4 2 0 0]
 [0 1 0 2 3 1 2 1 2 0]
 [2 3 0 1 2 4 0 3 1 0]
 [4 3 1 1 2 2 1 3 0 0]
 [1 2 2 4 1 2 3 2 2 0]
 [1 4 2 1 4 2 3 2 2 0]
 [2 3 1 1 2 2 2 1 2 0]
 [0 0 0 0 0 0 0 0 0 0]]
lengths of a and b:  10      10
>>>>>>>>>>> RUNNING REG STRASSENS
strassens running

MY_STRASSENS CALLED

a and b: 

[[ 0  1  0  0 -1]
 [-1  0  0 -1 -1]
 [ 0  2  0  2  2]
 [ 0 -1  0 -2  1]
 [ 1 -1  0 -2  0]]
[[ 2 -1 -3  0  0]
 [-1 -2 -1 -2  0]
 [ 1  1  0 -2  0]
 [-1  0  0  0  0]
 [ 4  0  3  1  0]]
lengths of a and b:  5      5
<<<<<<<<<<<<<<<<<<<<<<<<< reg_mult running >>>>>>>>>>>>>>>>>>>>>>>>>>
reg_mult running

MY_STRASSENS CALLED

a and b: 

[[ 2  0 -2 -1 -1]
 [ 0  0  2 -2 -1]
 [ 1  4 -1  1  2]
 [ 0 -1 -2 -2  1]
 [ 1  0  2  0  0]]
[[2 1 3 0 0]
 [2 3 2 2 0]
 [2 3 2 2 0]
 [2 2 1 2 0]
 [0 0 0 0 0]]
lengths of a and b:  5      5
<<<<<<<<<<<<<<<<<<<<<<<<< reg_mult running >>>>>>>>>>>>>>>>>>>>>>>>>>
reg_mult running

MY_STRASSENS CALLED

a and b: 

[[-2  2 -1  2  0]
 [ 1 -2 -1  2 -1]
 [ 0  0  0  0 -2]
 [-1 -2 -2 -2  0]
 [ 0  0  0  0  0]]
[[1 3 2 2 1]
 [1 1 2 2 1]
 [2 0 3 2 3]
 [0 1 0 2 3]
 [2 3 0 1 2]]
lengths of a and b:  5      5
<<<<<<<<<<<<<<<<<<<<<<<<< reg_mult running >>>>>>>>>>>>>>>>>>>>>>>>>>
reg_mult running

MY_STRASSENS CALLED

a and b: 

[[ 0  1  0  1  0]
 [ 1  0 -1  1  0]
 [ 0  0  0  0  0]
 [ 0 -2  0 -2  0]
 [ 0  0  0  0  0]]
[[ 3  0 -1 -1  1]
 [ 0  1  0  2  0]
 [-1  4 -1 -1  1]
 [ 2  2  1 -1 -1]
 [-2 -3  0 -1 -2]]
lengths of a and b:  5      5
<<<<<<<<<<<<<<<<<<<<<<<<< reg_mult running >>>>>>>>>>>>>>>>>>>>>>>>>>
reg_mult running

MY_STRASSENS CALLED

a and b: 

[[ 0  2  0  1 -1]
 [ 0  0 -1  0 -1]
 [ 0  2  0  2  2]
 [ 0 -3  0 -4  1]
 [ 1 -1  0 -2  0]]
[[3 4 5 2 1]
 [3 4 4 4 1]
 [4 3 5 4 3]
 [2 3 1 4 3]
 [2 3 0 1 2]]
lengths of a and b:  5      5
<<<<<<<<<<<<<<<<<<<<<<<<< reg_mult running >>>>>>>>>>>>>>>>>>>>>>>>>>
reg_mult running

MY_STRASSENS CALLED

a and b: 

[[ 2 -2 -2 -2  0]
 [ 0  0  3 -2  0]
 [ 1  2 -1 -1  0]
 [ 0  2 -2  2  0]
 [ 0  1  2  2  0]]
[[6 4 4 1 2]
 [3 5 4 6 1]
 [3 7 4 3 4]
 [4 5 2 3 2]
 [0 0 0 0 0]]
lengths of a and b:  5      5
<<<<<<<<<<<<<<<<<<<<<<<<< reg_mult running >>>>>>>>>>>>>>>>>>>>>>>>>>
reg_mult running

MY_STRASSENS CALLED

a and b: 

[[-2  0 -1  1  1]
 [ 1 -2  0  2  0]
 [ 0 -2  0 -2 -4]
 [-1  1 -2  2 -1]
 [-1  1  0  2  0]]
[[5 3 2 2 1]
 [2 2 3 2 1]
 [5 4 5 2 3]
 [1 3 1 4 3]
 [6 3 3 2 2]]
lengths of a and b:  5      5
<<<<<<<<<<<<<<<<<<<<<<<<< reg_mult running >>>>>>>>>>>>>>>>>>>>>>>>>>
reg_mult running

final matrix: 
 [[12 14 16 20 19 12 14 12 20  7 23  6 11 13 18 12 13]
 [22 16 18 28 26 19 19 21 23 10 27 17 21 19 28 20 20]
 [18 16 14 13 17 10 13 14 11  7 12  5 11  9 17 18  9]
 [26 25 17 28 29 14 23 26 25 14 26 16 29 21 27 26 16]
 [10  8  6 16 13  8 10  9 13  8 15 15 16 17  8 13 11]
 [23 16 16 22 25 16 11 20 16 11 21 20 16 18 24 19 18]
 [17 16 18 19 19 13 15 20 18  9 22 12 14 16 23 15 15]
 [24 22 21 27 28 19 16 25 23 10 25 18 18 23 29 20 17]
 [13  7 17 19 19 11 11  9 16  6 20 11 12 12 18 14 18]
 [14  9 10 20 19  7 10 14 13 12 20 13 15 14 17 14 14]
 [19 14 18 17 19 12 16 17 14  8 20  9 13 13 20 17 11]
 [21 15 13 25 26 12 22 26 20 13 22 16 23 21 25 20 16]
 [20 12 14 19 16 13  9 19 12 11 20  8 13 11 23 16 15]
 [21 15 19 23 20 15 14 15 21  9 26 14 14 17 18 21 14]
 [20 13 15 21 25 14 15 23 22 13 25 19 20 21 23 18 21]
 [22 12 17 19 21 12 15 19 18 10 20 11 12 16 18 20 14]
 [23 19 20 24 23 15 15 18 20 11 25 19 19 22 20 23 15]] 

diagonal: 
12
16
14
28
13
16
15
25
16
12
20
16
13
17
23
20
15

runtime:  0.04384303092956543 


